hidden_layer_size
10
w1
-0.629047	-0.332633	0.316342	-0.240946	0.559394	0.473426	-0.62271	0.397629	0.318758	0.578083	-0.179677	0.37939	-0.0770979	-0.0482374	0.086535	-0.188374	0.344317	0.311316	0.477431	-0.607289	-0.333895	-0.0839964	0.258949	-0.148658	-0.219603	0.165826	-0.565204	-0.0861269	-0.594021	0.19457	-0.456859	0.463201	-0.301309	0.430745	0.14992	0.429093	0.0691837	-0.615458	0.56786	0.482553	-0.0482906	-0.515532	0.340439	-0.547947	0.601429	0.384993	-0.528133	-0.365145	-0.178615	0.631652	
b1
-0.238206	-0.440584	0.537125	-0.302544	0.243403	-0.0948604	0.335733	0.0758598	-0.267595	-0.486008	
w2
-0.132329	-0.450942	-0.335185	-0.0144052	-0.0269598	0.0633911	-0.454228	-0.42526	0.544539	0.0191892	
b2
0.162538	
